[{"GravityX":{"Y":-0.9961591959,"X":-0.00383231556043,"Z":0.0874769687653},"UserAcceleration":{"Y":-0.0127519620582,"X":0.00955436099321,"Z":-0.0054457182996},"AttitudeRotationMatrix":[0.999933302403,-0.0108950771391,0.00383231556043,-0.00477048009634,-0.0874307379127,0.996159136295,-0.0105181690305,-0.996110975742,-0.0874768868089],"AttitudePitch":1.48312317838,"Time":0.021213,"AttitudeQuaternion":{"X":0.737367122983,"W":0.675467525121,"Y":-0.00531131543137,"Z":-0.00226679938241},"AttitudeRoll":-3.09781122571,"RotationRate":{"Y":0.0570184886456,"X":0.0024411091581,"Z":0.00827435031533},"AttitudeYaw":3.08708379607,"DotNum":0},{"GravityX":{"Y":-0.996178984642,"X":-0.00400506611913,"Z":0.0872432664037},"UserAcceleration":{"Y":-0.0133882751688,"X":0.00946771260351,"Z":-0.00687522720546},"AttitudeRotationMatrix":[0.999939382076,-0.0102557521313,0.00400506611913,-0.00488434452564,-0.0871984139085,0.996178925037,-0.00986732915044,-0.99613815546,-0.0872432217002],"AttitudePitch":1.48334976948,"Time":0.03163296,"AttitudeQuaternion":{"X":0.737289142484,"W":0.675554893553,"Y":-0.00513370394711,"Z":-0.00198777627438},"AttitudeRoll":-3.09571798576,"RotationRate":{"Y":0.0296825598925,"X":-0.00896697212011,"Z":0.0222247522324},"AttitudeYaw":3.08563701472,"DotNum":0},{"GravityX":{"Y":-0.996251225472,"X":-0.00411619665101,"Z":0.0864089205861},"UserAcceleration":{"Y":-0.00933346524835,"X":0.00921263266355,"Z":-0.00959617551416},"AttitudeRotationMatrix":[0.99994134903,-0.010018967092,0.00411619711667,-0.0049663381651,-0.0863642245531,0.996251285076,-0.00962591636926,-0.996213257313,-0.0864089131355],"AttitudePitch":1.48418116249,"Time":0.05259997,"AttitudeQuaternion":{"X":0.737006527357,"W":0.675863926452,"Y":-0.00508316559064,"Z":-0.00186895210983},"AttitudeRoll":-3.09399238927,"RotationRate":{"Y":0.0147194890305,"X":-0.03190407902,"Z":0.029757456854},"AttitudeYaw":3.08415134323,"DotNum":0},{"GravityX":{"Y":-0.996301651001,"X":-0.00450447853655,"Z":0.0858061090112},"UserAcceleration":{"Y":-0.00421712687239,"X":0.00125435634982,"Z":0.0111329769716},"AttitudeRotationMatrix":[0.999942481518,-0.0097338296473,0.00450447760522,-0.00532289082184,-0.0857592374086,0.996301710606,-0.00931153073907,-0.996268332005,-0.0858061164618],"AttitudePitch":1.48476598252,"Time":0.06630099,"AttitudeQuaternion":{"X":0.736801842375,"W":0.676087483097,"Y":-0.00510880974302,"Z":-0.00163105335812},"AttitudeRoll":-3.08914478729,"RotationRate":{"Y":0.0270505715162,"X":-0.0600093826652,"Z":0.0257386639714},"AttitudeYaw":3.07960432031,"DotNum":0},{"GravityX":{"Y":-0.99638825655,"X":-0.00497258733958,"Z":0.0847688987851},"UserAcceleration":{"Y":-0.000407423300203,"X":-0.00267206598073,"Z":0.0161679890007},"AttitudeRotationMatrix":[0.999948561192,-0.00883954763412,0.00497258733958,-0.00570383248851,-0.0847229361534,0.99638825655,-0.00838632881641,-0.996365368366,-0.0847690030932],"AttitudePitch":1.48577932564,"Time":0.08495396,"AttitudeQuaternion":{"X":0.73645100074,"W":0.676471881747,"Y":-0.00493698126369,"Z":-0.00115884881794},"AttitudeRoll":-3.08299928583,"RotationRate":{"Y":0.0754202380776,"X":-0.0932560488582,"Z":0.0199159048498},"AttitudeYaw":3.07437065884,"DotNum":0},{"GravityX":{"Y":-0.996507048607,"X":-0.00536410370842,"Z":0.0833363458514},"UserAcceleration":{"Y":0.00555550120771,"X":0.00315157952718,"Z":0.00902510154992},"AttitudeRotationMatrix":[0.999957501888,-0.00749959843233,0.00536410370842,-0.00597030064091,-0.0832951515913,0.996507048607,-0.00702659925446,-0.996496677399,-0.0833363831043],"AttitudePitch":1.48719015371,"Time":0.09558296,"AttitudeQuaternion":{"X":0.735966873307,"W":0.677001851213,"Y":-0.00457557943896,"Z":-0.000564731650302},"AttitudeRoll":-3.07731440836,"RotationRate":{"Y":0.0877085104585,"X":-0.136670693755,"Z":0.0170665830374},"AttitudeYaw":3.07003853831,"DotNum":0},{"GravityX":{"Y":-0.996714174747,"X":-0.00580732617527,"Z":0.0807907432318},"UserAcceleration":{"Y":-0.00726837664843,"X":0.00289289769717,"Z":0.00854946859181},"AttitudeRotationMatrix":[0.999965131283,-0.00600438704714,0.00580732664093,-0.00627335300669,-0.0807558521628,0.996714174747,-0.00551568204537,-0.996715843678,-0.0807906985283],"AttitudePitch":1.48970830214,"Time":0.116578,"AttitudeQuaternion":{"X":0.735104030714,"W":0.677941457131,"Y":-0.00417551115498,"Z":9.91846938376e-05},"AttitudeRoll":-3.06983498435,"RotationRate":{"Y":0.096333310008,"X":-0.181286856532,"Z":0.0315598733723},"AttitudeYaw":3.0640654388,"DotNum":0},{"GravityX":{"Y":-0.996942222118,"X":-0.00647939229384,"Z":0.0778732970357},"UserAcceleration":{"Y":-0.0137236844748,"X":0.00181020284072,"Z":0.00516503537074},"AttitudeRotationMatrix":[0.999970197678,-0.00419677840546,0.00647939229384,-0.00678648939356,-0.0778471529484,0.996942162514,-0.00367954326794,-0.996956467628,-0.0778733119369],"AttitudePitch":1.49257419503,"Time":0.133736,"AttitudeQuaternion":{"X":0.734113518089,"W":0.679015790294,"Y":-0.00374031643285,"Z":0.000953479535662},"AttitudeRoll":-3.05857957562,"RotationRate":{"Y":0.139842376113,"X":-0.186424046755,"Z":0.0321106053889},"AttitudeYaw":3.05463537424,"DotNum":0},{"GravityX":{"Y":-0.997128903866,"X":-0.00748758437112,"Z":0.0753518640995},"UserAcceleration":{"Y":0.000775745254941,"X":-0.00795431062579,"Z":0.0100668361411},"AttitudeRotationMatrix":[0.999971210957,-0.00123491627164,0.00748758437112,-0.00755934882909,-0.0753447711468,0.997128903866,-0.000667221378535,-0.99715679884,-0.0753519311547],"AttitudePitch":1.49500080883,"Time":0.148833,"AttitudeQuaternion":{"X":0.733257759765,"W":0.679940188769,"Y":-0.0029983539739,"Z":0.00232536346796},"AttitudeRoll":-3.04254951663,"RotationRate":{"Y":0.19837461412,"X":-0.155841544271,"Z":0.0301246065646},"AttitudeYaw":3.04159708041,"DotNum":0},{"GravityX":{"Y":-0.997265994549,"X":-0.00835122540593,"Z":0.0734217315912},"UserAcceleration":{"Y":-0.00660971691832,"X":-0.00910482928157,"Z":-0.000667827262077},"AttitudeRotationMatrix":[0.999963819981,0.0016023113858,0.00835122540593,-0.00821102038026,-0.073437564075,0.997265994549,0.00221122428775,-0.997298538685,-0.073421753943],"AttitudePitch":1.49683375541,"Time":0.159201,"AttitudeQuaternion":{"X":0.732602061661,"W":0.680643916692,"Y":-0.00225521780791,"Z":0.00360442949986},"AttitudeRoll":-3.02833616383,"RotationRate":{"Y":0.161263629794,"X":-0.0945403724909,"Z":0.0309625156224},"AttitudeYaw":3.03024554309,"DotNum":0},{"GravityX":{"Y":-0.997357368469,"X":-0.00879235006869,"Z":0.0721176192164},"UserAcceleration":{"Y":-0.00287150149234,"X":0.0024294347968,"Z":-0.00273590232246},"AttitudeRotationMatrix":[0.999956071377,0.00325432419777,0.00879235006869,-0.00853469502181,-0.0721485763788,0.997357308865,0.00388007983565,-0.997388541698,-0.0721176341176],"AttitudePitch":1.49808065538,"Time":0.180914,"AttitudeQuaternion":{"X":0.73215815041,"W":0.681118542028,"Y":-0.00180301579943,"Z":0.00432708074731},"AttitudeRoll":-3.02027455635,"RotationRate":{"Y":0.0842130333185,"X":-0.0600818321109,"Z":0.0162289254367},"AttitudeYaw":3.02384648573,"DotNum":0},{"GravityX":{"Y":-0.997384607792,"X":-0.00906062498689,"Z":0.0717063844204},"UserAcceleration":{"Y":-0.00946656707674,"X":0.00887751951814,"Z":-0.000707240833435},"AttitudeRotationMatrix":[0.999949991703,0.0042384378612,0.00906062498689,-0.00873326975852,-0.0717469602823,0.997384667397,0.00487742479891,-0.997413873672,-0.0717063620687],"AttitudePitch":1.49845669329,"Time":0.199365,"AttitudeQuaternion":{"X":0.732018330848,"W":0.681266576207,"Y":-0.00153508173938,"Z":0.00476014390877},"AttitudeRoll":-3.01590147026,"RotationRate":{"Y":0.0558101460338,"X":-0.0102322269231,"Z":0.0267606247216},"AttitudeYaw":3.02046538593,"DotNum":0},{"GravityX":{"Y":-0.997362613678,"X":-0.00922001712024,"Z":0.071991533041},"UserAcceleration":{"Y":-0.0172247756273,"X":0.00865544192493,"Z":-0.00466975430027},"AttitudeRotationMatrix":[0.999946177006,0.00476035941392,0.00922001712024,-0.00885325297713,-0.0720375552773,0.997362673283,0.0054119923152,-0.997390568256,-0.071991533041],"AttitudePitch":1.49815291502,"Time":0.212806,"AttitudeQuaternion":{"X":0.732115982898,"W":0.681160237701,"Y":-0.00139762445876,"Z":0.00499647935999},"AttitudeRoll":-3.01421519657,"RotationRate":{"Y":0.0260736420751,"X":0.0446102619171,"Z":0.0113957710564},"AttitudeYaw":3.01930811057,"DotNum":0},{"GravityX":{"Y":-0.997327625751,"X":-0.00921474676579,"Z":0.0724752172828},"UserAcceleration":{"Y":-0.0102101974189,"X":-0.00407565804198,"Z":-0.0169790051878},"AttitudeRotationMatrix":[0.999943852425,0.00523423217237,0.00921474676579,-0.00881100166589,-0.0725253894925,0.997327685356,0.00588854774833,-0.997352838516,-0.072475194931],"AttitudePitch":1.49767250789,"Time":0.223689,"AttitudeQuaternion":{"X":0.732281448201,"W":0.680981499488,"Y":-0.00122110487002,"Z":0.00515624660194},"AttitudeRoll":-3.0151277792,"RotationRate":{"Y":0.0372844338417,"X":0.0751479417086,"Z":-0.0071681663394},"AttitudeYaw":3.02069663893,"DotNum":0},{"GravityX":{"Y":-0.997279465199,"X":-0.0093632619828,"Z":0.0731162056327},"UserAcceleration":{"Y":-0.00912921689451,"X":-0.00131789036095,"Z":-0.0117606120184},"AttitudeRotationMatrix":[0.999936938286,0.00619933381677,0.0093632619828,-0.00888470746577,-0.0731758847833,0.997279465199,0.00686763366684,-0.997299730778,-0.0731161907315],"AttitudePitch":1.49701611278,"Time":0.244602,"AttitudeQuaternion":{"X":0.732500690515,"W":0.680743132024,"Y":-0.000916509040421,"Z":0.00553954938035},"AttitudeRoll":-3.01422586615,"RotationRate":{"Y":0.0671240389347,"X":0.072567269206,"Z":-0.00639524683356},"AttitudeYaw":3.02076829538,"DotNum":0},{"GravityX":{"Y":-0.997221291065,"X":-0.00930434186012,"Z":0.073913231492},"UserAcceleration":{"Y":-0.0100419130176,"X":0.00625258404762,"Z":-0.00523342238739},"AttitudeRotationMatrix":[0.999930918217,0.00718531245366,0.00930434186012,-0.00874751340598,-0.0739812701941,0.997221291065,0.0078536933288,-0.997233808041,-0.0739133059978],"AttitudePitch":1.4962306934,"Time":0.266379,"AttitudeQuaternion":{"X":0.732773042629,"W":0.680447732694,"Y":-0.000532975828912,"Z":0.0058538025569},"AttitudeRoll":-3.01636937173,"RotationRate":{"Y":0.0546512641013,"X":0.0458190515637,"Z":0.00479161087424},"AttitudeYaw":3.02389940763,"DotNum":0},{"GravityX":{"Y":-0.997190773487,"X":-0.0092746950686,"Z":0.0743275433779},"UserAcceleration":{"Y":-0.00834818836302,"X":0.011090490967,"Z":0.00233261450194},"AttitudeRotationMatrix":[0.999926328659,0.00782740488648,0.00927469413728,-0.00866691209376,-0.0744008347392,0.997190773487,0.00849546026438,-0.997197687626,-0.0743275135756],"AttitudePitch":1.49582214525,"Time":0.27659,"AttitudeQuaternion":{"X":0.732914516763,"W":0.680293677543,"Y":-0.000286359417596,"Z":0.00606146938762},"AttitudeRoll":-3.01745290047,"RotationRate":{"Y":0.0309724826366,"X":0.0127049665898,"Z":0.0173533242196},"AttitudeYaw":3.02562590407,"DotNum":0},{"GravityX":{"Y":-0.99717104435,"X":-0.00945026706904,"Z":0.0745697617531},"UserAcceleration":{"Y":-0.0111602786928,"X":0.0082448227331,"Z":-0.000106872117613},"AttitudeRotationMatrix":[0.999923348427,0.008001643233,0.00945026800036,-0.00882691796869,-0.0746460929513,0.99717104435,0.00868443213403,-0.997177958488,-0.0745697394013],"AttitudePitch":1.49555916893,"Time":0.298209,"AttitudeQuaternion":{"X":0.73299713652,"W":0.680203545215,"Y":-0.00028147280802,"Z":0.0061851195694},"AttitudeRoll":-3.01553409178,"RotationRate":{"Y":0.00488239666447,"X":0.0165672041476,"Z":0.0202357694507},"AttitudeYaw":3.02388904447,"DotNum":0},{"GravityX":{"Y":-0.997182905674,"X":-0.00954509526491,"Z":0.0743985772133},"UserAcceleration":{"Y":-0.0108432192355,"X":0.0089805200696,"Z":-0.00692421011627},"AttitudeRotationMatrix":[0.999923348427,0.00788342673332,0.00954509526491,-0.00893177371472,-0.0744746550918,0.997182905674,0.00857208669186,-0.997191727161,-0.0743985325098],"AttitudePitch":1.49571743357,"Time":0.310637,"AttitudeQuaternion":{"X":0.732938714887,"W":0.680266509859,"Y":-0.000357583431366,"Z":0.00617963729153},"AttitudeRoll":-3.01399296308,"RotationRate":{"Y":-0.00883954390883,"X":0.00253388099372,"Z":0.0203790292144},"AttitudeYaw":3.02223241878,"DotNum":0},{"GravityX":{"Y":-0.997189700603,"X":-0.00986874755472,"Z":0.0742649883032},"UserAcceleration":{"Y":-0.00953941512853,"X":-0.000522487680428,"Z":0.00141860672738},"AttitudeRotationMatrix":[0.999920666218,0.00782550964504,0.00986874848604,-0.00925997365266,-0.0743433684111,0.997189700603,0.00853719376028,-0.99720197916,-0.0742650032043],"AttitudePitch":1.49580824274,"Time":0.341256,"AttitudeQuaternion":{"X":0.732893071379,"W":0.68031469678,"Y":-0.000489315390517,"Z":0.00627852215593},"AttitudeRoll":-3.00948105552,"RotationRate":{"Y":0.00108682480641,"X":-0.00258622597903,"Z":0.0189706124365},"AttitudeYaw":3.01767401131,"DotNum":0},{"GravityX":{"Y":-0.997162699699,"X":-0.0100511666387,"Z":0.0746025517583},"UserAcceleration":{"Y":-0.003447660245,"X":0.00329152331688,"Z":0.00251536560245},"AttitudeRotationMatrix":[0.999921679497,0.00745369447395,0.0100511666387,-0.0094667552039,-0.0746788829565,0.997162699699,0.00818315707147,-0.997179746628,-0.0746024772525],"AttitudePitch":1.49544844777,"Time":0.341301,"AttitudeQuaternion":{"X":0.733008053041,"W":0.680191183979,"Y":-0.00068657515334,"Z":0.0062190054422},"AttitudeRoll":-3.00766956695,"RotationRate":{"Y":-0.0423627309501,"X":0.0280599631369,"Z":0.0135900937021},"AttitudeYaw":3.01549918061,"DotNum":0},{"GravityX":{"Y":-0.997151315212,"X":-0.00991735234857,"Z":0.0747719630599},"UserAcceleration":{"Y":-0.00246718782,"X":0.00620946614072,"Z":-0.00195702258497},"AttitudeRotationMatrix":[0.999932408333,0.00606577517465,0.00991735234857,-0.00943581108004,-0.0748343095183,0.997151315212,0.00679065333679,-0.997177541256,-0.0747720226645],"AttitudePitch":1.49529783455,"Time":0.350914,"AttitudeQuaternion":{"X":0.733065250253,"W":0.680133480176,"Y":-0.00114929593673,"Z":0.0056979939284},"AttitudeRoll":-3.00972768033,"RotationRate":{"Y":-0.103369064629,"X":0.00640082219616,"Z":0.011948720552},"AttitudeYaw":3.01616510797,"DotNum":0},{"GravityX":{"Y":-0.997125506401,"X":-0.00970978569239,"Z":0.075142942369},"UserAcceleration":{"Y":-0.000890859868377,"X":0.00745148537681,"Z":0.00553027307615},"AttitudeRotationMatrix":[0.999943554401,0.00431874394417,0.00970978569239,-0.00935768708587,-0.0751875787973,0.997125506401,0.00503638479859,-0.997160077095,-0.0751429200172],"AttitudePitch":1.49495595994,"Time":0.37385,"AttitudeQuaternion":{"X":0.733190643961,"W":0.680002386714,"Y":-0.00171815587686,"Z":0.00502808228772},"AttitudeRoll":-3.01308718928,"RotationRate":{"Y":-0.107088983059,"X":0.0178678873926,"Z":0.00587681261823},"AttitudeYaw":3.01777150386,"DotNum":0},{"GravityX":{"Y":-0.997074723244,"X":-0.00962257571518,"Z":0.0758250132203},"UserAcceleration":{"Y":-0.00233019911684,"X":0.00522804446518,"Z":0.000758849317208},"AttitudeRotationMatrix":[0.999949276447,0.00298197800294,0.00962257571518,-0.00936869904399,-0.0758568271995,0.997074723244,0.00370319304056,-0.997114300728,-0.0758250355721],"AttitudePitch":1.49428855885,"Time":0.390577,"AttitudeQuaternion":{"X":0.733421957016,"W":0.679755000558,"Y":-0.00217702790862,"Z":0.00454232672667},"AttitudeRoll":-3.0153623793,"RotationRate":{"Y":-0.0709318891168,"X":0.0522908940911,"Z":0.00300800683908},"AttitudeYaw":3.01870986752,"DotNum":0},{"GravityX":{"Y":-0.997038185596,"X":-0.0093607082963,"Z":0.07633651793},"UserAcceleration":{"Y":-0.000306800560793,"X":0.00392857939005,"Z":-0.00800766330212},"AttitudeRotationMatrix":[0.999954104424,0.00202729809098,0.0093607082963,-0.00917860306799,-0.0763586908579,0.997038185596,0.00273606437258,-0.997078359127,-0.0763365775347],"AttitudePitch":1.49381200268,"Time":0.405631,"AttitudeQuaternion":{"X":0.733595475088,"W":0.679569529338,"Y":-0.00243707372986,"Z":0.00412242604315},"AttitudeRoll":-3.01957754324,"RotationRate":{"Y":-0.0672769099474,"X":0.0331220328808,"Z":-0.000840047083329},"AttitudeYaw":3.02196275871,"DotNum":0},{"GravityX":{"Y":-0.997031033039,"X":-0.00964313652366,"Z":0.0763943269849},"UserAcceleration":{"Y":-0.00272480840795,"X":-0.00199931953102,"Z":-0.00682950811461},"AttitudeRotationMatrix":[0.999953329563,0.000626084394753,0.00964313652366,-0.00956711824983,-0.0764038488269,0.997031092644,0.00136099848896,-0.997076749802,-0.076394289732],"AttitudePitch":1.49371949141,"Time":0.414849,"AttitudeQuaternion":{"X":0.733612895203,"W":0.679550420448,"Y":-0.00304691816554,"Z":0.00374998009221},"AttitudeRoll":-3.01602830454,"RotationRate":{"Y":-0.0896530523896,"X":-0.00374975707382,"Z":0.028982821852},"AttitudeYaw":3.01702332311,"DotNum":0},{"GravityX":{"Y":-0.997001290321,"X":-0.010043813847,"Z":0.0767307505012},"UserAcceleration":{"Y":-0.0044941008091,"X":-0.00362806138583,"Z":0.0175685659051},"AttitudeRotationMatrix":[0.999949276447,-0.000738445669413,0.0100438129157,-0.0100708641112,-0.076727129519,0.997001230717,3.4402590245e-05,-0.997051775455,-0.0767306759954],"AttitudePitch":1.49333357089,"Time":0.436119,"AttitudeQuaternion":{"X":0.733724614878,"W":0.679428313368,"Y":-0.00368302693108,"Z":0.00343392319804},"AttitudeRoll":-3.01143580591,"RotationRate":{"Y":-0.0822408795357,"X":-0.00634528743103,"Z":0.0189782865345},"AttitudeYaw":3.01108325563,"DotNum":0},{"GravityX":{"Y":-0.996972620487,"X":-0.0104148946702,"Z":0.0770530253649},"UserAcceleration":{"Y":-0.00145574659109,"X":-0.0136024393141,"Z":0.00958637986332},"AttitudeRotationMatrix":[0.999943733215,-0.00201600976288,0.0104148946702,-0.0105392634869,-0.0770360305905,0.996972560883,-0.00120758358389,-0.997026205063,-0.0770529434085],"AttitudePitch":1.49296406326,"Time":0.456897,"AttitudeQuaternion":{"X":0.733831190923,"W":0.679311157613,"Y":-0.00427730265493,"Z":0.00313672659947},"AttitudeRoll":-3.00724159629,"RotationRate":{"Y":-0.0748470425606,"X":0.00121600693092,"Z":-0.00332896853797},"AttitudeYaw":3.00562735579,"DotNum":0},{"GravityX":{"Y":-0.996949911118,"X":-0.0103908414021,"Z":0.0773489624262},"UserAcceleration":{"Y":-0.00425551179796,"X":-0.0108036166057,"Z":0.0124184908345},"AttitudeRotationMatrix":[0.999942779541,-0.0025512361899,0.0103908414021,-0.0105570312589,-0.0773264989257,0.996949970722,-0.00173996761441,-0.997002542019,-0.0773490071297],"AttitudePitch":1.49267310112,"Time":0.467641,"AttitudeQuaternion":{"X":0.733930886064,"W":0.679203087496,"Y":-0.00446508904629,"Z":0.00294676032998},"AttitudeRoll":-3.00805494507,"RotationRate":{"Y":-0.0101949367672,"X":0.0087903579697,"Z":-0.0116873104125},"AttitudeYaw":3.00590606441,"DotNum":0},{"GravityX":{"Y":-0.996908068657,"X":-0.0104091670364,"Z":0.0778838470578},"UserAcceleration":{"Y":-0.00840196106583,"X":-0.00605506636202,"Z":0.00355230923742},"AttitudeRotationMatrix":[0.999942421913,-0.00259671220556,0.0104091670364,-0.0105797741562,-0.0778608247638,0.996908068657,-0.00177821749821,-0.996960878372,-0.0778838172555],"AttitudePitch":1.49213888194,"Time":0.479184,"AttitudeQuaternion":{"X":0.734112926507,"W":0.679006212703,"Y":-0.00448721383773,"Z":0.00293924457298},"AttitudeRoll":-3.00873011558,"RotationRate":{"Y":-0.0101197119802,"X":0.0279564615339,"Z":-0.00789532437921},"AttitudeYaw":3.00653926189,"DotNum":0},{"GravityX":{"Y":-0.996887266636,"X":-0.0102142943069,"Z":0.0781758800149},"UserAcceleration":{"Y":-0.020217847079,"X":0.000174011525814,"Z":-0.0216725859791},"AttitudeRotationMatrix":[0.999942660332,-0.00322032580152,0.0102142943069,-0.0104347560555,-0.0781467482448,0.996887326241,-0.00241208798252,-0.996936678886,-0.0781758651137],"AttitudePitch":1.49187407432,"Time":0.500085,"AttitudeQuaternion":{"X":0.734211360889,"W":0.678899846177,"Y":-0.00464957495586,"Z":0.00265666230067},"AttitudeRoll":-3.01167076095,"RotationRate":{"Y":-0.0510583259165,"X":0.0662504583597,"Z":-0.0132791763172},"AttitudeYaw":3.00885016011,"DotNum":0},{"GravityX":{"Y":-0.996827542782,"X":-0.00988054275513,"Z":0.0789760351181},"UserAcceleration":{"Y":-0.018736416474,"X":0.00232744240202,"Z":-0.0222743749619},"AttitudeRotationMatrix":[0.999943494797,-0.00392555631697,0.00988054275513,-0.0101596573368,-0.0789405703545,0.996827542782,-0.00313312630169,-0.99687153101,-0.0789759904146],"AttitudePitch":1.4911203496,"Time":0.51077,"AttitudeQuaternion":{"X":0.734482833389,"W":0.678606445502,"Y":-0.00479426243688,"Z":0.00229665560146},"AttitudeRoll":-3.01713120701,"RotationRate":{"Y":-0.033636495471,"X":0.0738782137632,"Z":-0.0159812513739},"AttitudeYaw":3.01359625098,"DotNum":0},{"GravityX":{"Y":-0.996804893017,"X":-0.00938076339662,"Z":0.079322271049},"UserAcceleration":{"Y":-0.012701340951,"X":0.00288051972166,"Z":-0.0140604292974},"AttitudeRotationMatrix":[0.999946594238,-0.00433662626892,0.00938076339662,-0.0096951359883,-0.0792844742537,0.996804893017,-0.00357902213,-0.996842563152,-0.0793222859502],"AttitudePitch":1.49083611269,"Time":0.532028,"AttitudeQuaternion":{"X":0.734600797388,"W":0.678479893953,"Y":-0.00477530217041,"Z":0.0019744538646},"AttitudeRoll":-3.02387798463,"RotationRate":{"Y":-0.0337557382882,"X":0.0406673140824,"Z":-0.0198345836252},"AttitudeYaw":3.01991381661,"DotNum":0},{"GravityX":{"Y":-0.996814668179,"X":-0.00907423067838,"Z":0.0792346075177},"UserAcceleration":{"Y":-0.00953296199441,"X":0.00301649142057,"Z":-0.00344420177862},"AttitudeRotationMatrix":[0.999946296215,-0.00500614009798,0.00907423067838,-0.009442278184,-0.0791915431619,0.996814668179,-0.00427159108222,-0.996846854687,-0.0792345628142],"AttitudePitch":1.49095901895,"Time":0.54289,"AttitudeQuaternion":{"X":0.734570026384,"W":0.678513098505,"Y":-0.00491730439295,"Z":0.00163450701941},"AttitudeRoll":-3.02756585698,"RotationRate":{"Y":-0.0425331071019,"X":0.00115390063729,"Z":-0.00752521120012},"AttitudeYaw":3.0229195748,"DotNum":0},{"GravityX":{"Y":-0.996806919575,"X":-0.00885449536145,"Z":0.0793571546674},"UserAcceleration":{"Y":-0.00435274606571,"X":0.00496350415051,"Z":0.00926588941365},"AttitudeRotationMatrix":[0.999945759773,-0.00547929853201,0.00885449536145,-0.0092612914741,-0.0793107226491,0.99680685997,-0.00475954636931,-0.996834874153,-0.0793571695685],"AttitudePitch":1.49086161781,"Time":0.564309,"AttitudeQuaternion":{"X":0.734611062866,"W":0.678468480758,"Y":-0.00501646035881,"Z":0.00139357745558},"AttitudeRoll":-3.03047447962,"RotationRate":{"Y":-0.0251089595258,"X":-0.000113965354103,"Z":-0.00285587622784},"AttitudeYaw":3.02534684901,"DotNum":0},{"GravityX":{"Y":-0.9967892766,"X":-0.00873674172908,"Z":0.0795916318893},"UserAcceleration":{"Y":-0.00125760852825,"X":-0.00534712010995,"Z":0.00552189489827},"AttitudeRotationMatrix":[0.999945163727,-0.00577716063708,0.00873674172908,-0.00916872639209,-0.0795430168509,0.9967892766,-0.00506366509944,-0.996814668179,-0.0795916244388],"AttitudePitch":1.49064081351,"Time":0.575327,"AttitudeQuaternion":{"X":0.734690376989,"W":0.678382357262,"Y":-0.00508577762675,"Z":0.00124987246061},"AttitudeRoll":-3.0322607688,"RotationRate":{"Y":-0.0164273325354,"X":0.00240291957743,"Z":-0.010387217626},"AttitudeYaw":3.02683161338,"DotNum":0},{"GravityX":{"Y":-0.996781408787,"X":-0.00882769748569,"Z":0.0796797573566},"UserAcceleration":{"Y":-0.00569049967453,"X":-0.00649212673306,"Z":0.00288554979488},"AttitudeRotationMatrix":[0.999943315983,-0.00595245696604,0.00882769748569,-0.00927379913628,-0.0796290785074,0.996781408787,-0.00523035693914,-0.996806800365,-0.0796797648072],"AttitudePitch":1.49054293231,"Time":0.595867,"AttitudeQuaternion":{"X":0.73471969923,"W":0.678349926487,"Y":-0.00518097431728,"Z":0.00122405204583},"AttitudeRoll":-3.03125292358,"RotationRate":{"Y":-0.00518179545179,"X":0.00372368143871,"Z":0.00180139672011},"AttitudeYaw":3.02565247494,"DotNum":0},{"GravityX":{"Y":-0.996756613255,"X":-0.00900664087385,"Z":0.0799694731832},"UserAcceleration":{"Y":-0.00554745458066,"X":-0.00339875440113,"Z":0.0016803102335},"AttitudeRotationMatrix":[0.999942004681,-0.0059054759331,0.00900664087385,-0.00944993272424,-0.0799183398485,0.996756672859,-0.00516652688384,-0.996783971786,-0.0799695104361],"AttitudePitch":1.49023414734,"Time":0.609485,"AttitudeQuaternion":{"X":0.734817965577,"W":0.678242993379,"Y":-0.0052242220755,"Z":0.00130648479746},"AttitudeRoll":-3.02943927379,"RotationRate":{"Y":-0.00388633925468,"X":0.020317858085,"Z":0.00185720261652},"AttitudeYaw":3.02389425152,"DotNum":0},{"GravityX":{"Y":-0.996202528477,"X":-0.0128544420004,"Z":0.0861122533679},"UserAcceleration":{"Y":-0.0259074736387,"X":0.042548045516,"Z":-0.0485451184213},"AttitudeRotationMatrix":[0.999850571156,0.0115580474958,0.0128544429317,-0.0118103763089,-0.0862616673112,0.996202468872,0.0126230018213,-0.996205449104,-0.0861122757196],"AttitudePitch":1.4836195511,"Time":0.002843022,"AttitudeQuaternion":{"X":0.736923415991,"W":0.675920976959,"Y":-8.56020708645e-05,"Z":0.00864317896277},"AttitudeRoll":-2.99341142697,"RotationRate":{"Y":-0.239608302712,"X":0.146606743336,"Z":-0.010021334514},"AttitudeYaw":3.00552524826,"DotNum":1},{"GravityX":{"Y":-0.995979309082,"X":-0.012023719959,"Z":0.0887728258967},"UserAcceleration":{"Y":-0.0127487024292,"X":0.0310972053558,"Z":-0.00346093741246},"AttitudeRotationMatrix":[0.999876737595,0.0100936396047,0.0120237190276,-0.0110794613138,-0.088895663619,0.995979309082,0.0111219119281,-0.9959897995,-0.0887728780508],"AttitudePitch":1.48109267635,"Time":0.01054198,"AttitudeQuaternion":{"X":0.737825387209,"W":0.67494598402,"Y":-0.000334029478958,"Z":0.00784251676404},"AttitudeRoll":-3.0069681988,"RotationRate":{"Y":-0.00351616623811,"X":0.161503463984,"Z":-0.0641889199615},"AttitudeYaw":3.017597543,"DotNum":1},{"GravityX":{"Y":-0.995867609978,"X":-0.0108458632603,"Z":0.0901670828462},"UserAcceleration":{"Y":0.0211056303233,"X":-0.0105164414272,"Z":0.0775270089507},"AttitudeRotationMatrix":[0.999867379665,0.0121468286961,0.010845862329,-0.00970550812781,-0.0902969688177,0.995867609978,0.0130759812891,-0.995840787888,-0.0901670977473],"AttitudePitch":1.47985397423,"Time":0.03181899,"AttitudeQuaternion":{"X":0.738297270527,"W":0.674426305375,"Y":0.000826672735135,"Z":0.00810034338879},"AttitudeRoll":-3.0218815234,"RotationRate":{"Y":0.160194963217,"X":0.0540503188968,"Z":-0.088152512908},"AttitudeYaw":3.03451937763,"DotNum":1},{"GravityX":{"Y":-0.995886266232,"X":-0.00977435801178,"Z":0.0900835096836},"UserAcceleration":{"Y":0.0177368354052,"X":0.0250484067947,"Z":0.0196729563177},"AttitudeRotationMatrix":[0.999855160713,0.0139343142509,0.00977435801178,-0.00847829692066,-0.0902147218585,0.995886266232,0.0147587833926,-0.995824873447,-0.0900835096836],"AttitudePitch":1.48005963402,"Time":0.05455697,"AttitudeQuaternion":{"X":0.738267121518,"W":0.674454762191,"Y":0.00184757569547,"Z":0.0083076776231},"AttitudeRoll":-3.03351217655,"RotationRate":{"Y":0.0344500243664,"X":-0.0287049096078,"Z":-0.0619027093053},"AttitudeYaw":3.04788879026,"DotNum":1},{"GravityX":{"Y":-0.995950520039,"X":-0.00929298996925,"Z":0.0894213020802},"UserAcceleration":{"Y":-0.00819985382259,"X":0.0329593718052,"Z":-0.0284929554909},"AttitudeRotationMatrix":[0.999893844128,0.0112209673971,0.00929298996925,-0.00825169496238,-0.0895233601332,0.995950520039,0.0120074693114,-0.995921432972,-0.0894212722778],"AttitudePitch":1.48077189291,"Time":0.06645298,"AttitudeQuaternion":{"X":0.738044469152,"W":0.67471274724,"Y":0.00100579072329,"Z":0.007215168043},"AttitudeRoll":-3.03804070293,"RotationRate":{"Y":-0.266219556332,"X":-0.0434608981013,"Z":0.0130109898746},"AttitudeYaw":3.04967874785,"DotNum":1},{"GravityX":{"Y":-0.995957314968,"X":-0.00962114799768,"Z":0.0893109440804},"UserAcceleration":{"Y":-0.0444784685969,"X":0.0238881167024,"Z":-0.0563824810088},"AttitudeRotationMatrix":[0.999939978123,0.00524190440774,0.00962114799768,-0.00911436229944,-0.0893640071154,0.995957314968,0.00608049798757,-0.995985209942,-0.0893108695745],"AttitudePitch":1.48084740389,"Time":0.07441801,"AttitudeQuaternion":{"X":0.7380066077,"W":0.674771246479,"Y":-0.00131179639767,"Z":0.00531893836194},"AttitudeRoll":-3.03428008084,"RotationRate":{"Y":-0.397641837597,"X":0.00921573396772,"Z":0.0683571621776},"AttitudeYaw":3.03995277907,"DotNum":1},{"GravityX":{"Y":-0.995901823044,"X":-0.0102878771722,"Z":0.0898537784815},"UserAcceleration":{"Y":-0.0226986315101,"X":-0.00153768411838,"Z":-0.0223794132471},"AttitudeRotationMatrix":[0.999946892262,-0.000638268887997,0.0102878771722,-0.0103036127985,-0.089851886034,0.995901823044,0.000288733281195,-0.995954871178,-0.0898536890745],"AttitudePitch":1.48023175723,"Time":0.09835702,"AttitudeQuaternion":{"X":0.738182333063,"W":0.674581559558,"Y":-0.00370568387693,"Z":0.00358197777257},"AttitudeRoll":-3.02759330441,"RotationRate":{"Y":-0.331638872623,"X":0.0334385931492,"Z":0.0736372098327},"AttitudeYaw":3.02741817804,"DotNum":1},{"GravityX":{"Y":-0.995871424675,"X":-0.0107154482976,"Z":0.0901403725147},"UserAcceleration":{"Y":-0.00281632086262,"X":-0.00223926408216,"Z":0.0100640924647},"AttitudeRotationMatrix":[0.999931812286,-0.00464408379048,0.0107154473662,-0.0110903726891,-0.0900950208306,0.995871424675,-0.00365950190462,-0.995922327042,-0.0901403799653],"AttitudePitch":1.47989615514,"Time":0.121882,"AttitudeQuaternion":{"X":0.738269461926,"W":0.674480617468,"Y":-0.00532815534516,"Z":0.0023893531138},"AttitudeRoll":-3.02327278682,"RotationRate":{"Y":-0.210016325116,"X":0.00382669270039,"Z":0.0370707213879},"AttitudeYaw":3.01911239351,"DotNum":1},{"GravityX":{"Y":-0.995899319649,"X":-0.0106703145429,"Z":0.0898368954659},"UserAcceleration":{"Y":0.0189095847309,"X":-0.019023289904,"Z":0.0242378097028},"AttitudeRotationMatrix":[0.999919176102,-0.00691548828036,0.0106703136116,-0.0112482467666,-0.0897664129734,0.995899379253,-0.00592929450795,-0.995938837528,-0.0898369401693],"AttitudePitch":1.4802041064,"Time":0.128463,"AttitudeQuaternion":{"X":0.7381602841,"W":0.674595414637,"Y":-0.00615169041839,"Z":0.00160568782845},"AttitudeRoll":-3.0233722054,"RotationRate":{"Y":-0.103342145681,"X":-0.0296177119017,"Z":-0.00299112359062},"AttitudeYaw":3.01693657481,"DotNum":1},{"GravityX":{"Y":-0.995952665806,"X":-0.0103681907058,"Z":0.0892791822553},"UserAcceleration":{"Y":0.0189629271626,"X":-0.0277787819505,"Z":0.0266876146197},"AttitudeRotationMatrix":[0.999920070171,-0.00723748607561,0.0103681907058,-0.010972738266,-0.0892069488764,0.99595272541,-0.00628327904269,-0.995986819267,-0.0892792344093],"AttitudePitch":1.48079566729,"Time":0.138358,"AttitudeQuaternion":{"X":0.737971228521,"W":0.67480255937,"Y":-0.00616901554282,"Z":0.00138383170588},"AttitudeRoll":-3.02597831417,"RotationRate":{"Y":0.0184242073447,"X":-0.0374500155449,"Z":-0.0209349244833},"AttitudeYaw":3.01920417158,"DotNum":1},{"GravityX":{"Y":-0.996006906033,"X":-0.0100315213203,"Z":0.0887109711766},"UserAcceleration":{"Y":0.00946514587849,"X":-0.0262233614922,"Z":0.0184972845018},"AttitudeRotationMatrix":[0.999931275845,-0.0060673430562,0.0100315213203,-0.010530076921,-0.0886531844735,0.996006906033,-0.00515379011631,-0.996044099331,-0.0887109860778],"AttitudePitch":1.4814009537,"Time":0.161204,"AttitudeQuaternion":{"X":0.73778306668,"W":0.675012432714,"Y":-0.00562408587926,"Z":0.0016528338488},"AttitudeRoll":-3.02899002858,"RotationRate":{"Y":0.0905677303672,"X":-0.0299069844186,"Z":-0.0306720174849},"AttitudeYaw":3.02336820776,"DotNum":1},{"GravityX":{"Y":-0.99600404501,"X":-0.00985461100936,"Z":0.0887626409531},"UserAcceleration":{"Y":0.00061221071519,"X":-0.0103480257094,"Z":0.0032478577923},"AttitudeRotationMatrix":[0.999941110611,-0.00454954616725,0.00985461100936,-0.0102194761857,-0.0887213945389,0.99600404501,-0.00365705229342,-0.996046125889,-0.0887626633048],"AttitudePitch":1.4813691754,"Time":0.195902,"AttitudeQuaternion":{"X":0.737805039468,"W":0.674992051757,"Y":-0.00500437865615,"Z":0.00209999869914},"AttitudeRoll":-3.03102340151,"RotationRate":{"Y":0.0920539796352,"X":0.0186931490898,"Z":-0.00824518315494},"AttitudeYaw":3.02691187568,"DotNum":1},{"GravityX":{"Y":-0.995972037315,"X":-0.0101839173585,"Z":0.0890844613314},"UserAcceleration":{"Y":-0.0104061625898,"X":0.00662861950696,"Z":-0.00856383144855},"AttitudeRotationMatrix":[0.999942243099,-0.00343292858452,0.0101839173585,-0.0104492148384,-0.0890536680818,0.995972037315,-0.00251218513586,-0.996020913124,-0.0890844017267],"AttitudePitch":1.48101107093,"Time":0.195973,"AttitudeQuaternion":{"X":0.737916059582,"W":0.674871109091,"Y":-0.00470315823492,"Z":0.00259912078764},"AttitudeRoll":-3.0277692235,"RotationRate":{"Y":0.0561260469258,"X":0.0188625771552,"Z":0.0244177337736},"AttitudeYaw":3.02479066319,"DotNum":1},{"GravityX":{"Y":-0.995951116085,"X":-0.010702515021,"Z":0.0892570391297},"UserAcceleration":{"Y":-0.00687175383791,"X":0.00250854552723,"Z":-0.00298384437338},"AttitudeRotationMatrix":[0.999938607216,-0.00287151476368,0.010702515021,-0.0109160803258,-0.089231133461,0.995951116085,-0.00190488994122,-0.996006786823,-0.0892570018768],"AttitudePitch":1.48077840414,"Time":0.202247,"AttitudeQuaternion":{"X":0.73797473052,"W":0.674805600757,"Y":-0.00467075464857,"Z":0.00298032728499},"AttitudeRoll":-3.02225572176,"RotationRate":{"Y":0.0299931894988,"X":0.00741295376793,"Z":0.0284700859338},"AttitudeYaw":3.01986267237,"DotNum":1},{"GravityX":{"Y":-0.995933711529,"X":-0.0111155845225,"Z":0.0894009694457},"UserAcceleration":{"Y":0.000221407273784,"X":-0.00432631000876,"Z":0.0060122362338},"AttitudeRotationMatrix":[0.999935388565,-0.00236816005781,0.0111155845225,-0.0112827792764,-0.0893800258636,0.995933711529,-0.00136501900852,-0.995994746685,-0.0894009768963],"AttitudePitch":1.48058467282,"Time":0.223891,"AttitudeQuaternion":{"X":0.738023782241,"W":0.674750772288,"Y":-0.00462415322401,"Z":0.003302930682},"AttitudeRoll":-3.01789341954,"RotationRate":{"Y":0.0374135039747,"X":0.00100408424623,"Z":0.0233881566674},"AttitudeYaw":3.01602302606,"DotNum":1},{"GravityX":{"Y":-0.995935857296,"X":-0.0115528255701,"Z":0.0893212780356},"UserAcceleration":{"Y":-0.00380473816767,"X":0.0010242612334,"Z":0.00490174768493},"AttitudeRotationMatrix":[0.999931752682,-0.00173418363556,0.0115528255701,-0.0116615444422,-0.0893070623279,0.995935857296,-0.000695385504514,-0.996002614498,-0.0893211960793],"AttitudePitch":1.48060881766,"Time":0.234221,"AttitudeQuaternion":{"X":0.737997320513,"W":0.674778359877,"Y":-0.00453786464982,"Z":0.00367800788795},"AttitudeRoll":-3.01296660337,"RotationRate":{"Y":0.0460764691234,"X":-0.0104967234656,"Z":0.0219703316689},"AttitudeYaw":3.0117493448,"DotNum":1},{"GravityX":{"Y":-0.995936334133,"X":-0.0117123518139,"Z":0.0892949551344},"UserAcceleration":{"Y":-0.011601482518,"X":0.00649384595454,"Z":-0.0052037704736},"AttitudeRotationMatrix":[0.999930977821,-0.000941334757954,0.0117123518139,-0.0117496196181,-0.08929002285,0.995936334133,0.000108287204057,-0.996005237103,-0.0892949178815],"AttitudePitch":1.4806143325,"Time":0.260203,"AttitudeQuaternion":{"X":0.737989834458,"W":0.674786252618,"Y":-0.00429916310221,"Z":0.00400433663187},"AttitudeRoll":-3.01117241619,"RotationRate":{"Y":0.0498609356582,"X":0.021362086758,"Z":0.0109354471788},"AttitudeYaw":3.01075504437,"DotNum":1},{"GravityX":{"Y":-0.995886981487,"X":-0.0119105698541,"Z":0.0898176059127},"UserAcceleration":{"Y":-0.017281325534,"X":0.00466264458373,"Z":-0.017048439011},"AttitudeRotationMatrix":[0.999929010868,-0.000364814884961,0.0119105698541,-0.0118951937184,-0.0898195877671,0.995887041092,0.000706488266587,-0.995957970619,-0.0898175537586],"AttitudePitch":1.48006802085,"Time":0.266294,"AttitudeQuaternion":{"X":0.738167705621,"W":0.674590941556,"Y":-0.00415217583839,"Z":0.00427310021164},"AttitudeRoll":-3.00975345117,"RotationRate":{"Y":0.031247260049,"X":0.0366849303246,"Z":0.00881590414792},"AttitudeYaw":3.00992464017,"DotNum":1},{"GravityX":{"Y":-0.995881378651,"X":-0.0119164008647,"Z":0.0898790732026},"UserAcceleration":{"Y":-0.0149676045403,"X":0.00297475024126,"Z":-0.0167894773185},"AttitudeRotationMatrix":[0.999929010868,6.05625100434e-05,0.0119164008647,-0.0118627212942,-0.0898862630129,0.995881378651,0.00113143306226,-0.995952069759,-0.0898791626096],"AttitudePitch":1.48000606067,"Time":0.287674,"AttitudeQuaternion":{"X":0.738189381019,"W":0.674567220833,"Y":-0.00399699507283,"Z":0.00441886393209},"AttitudeRoll":-3.00977882541,"RotationRate":{"Y":0.0262061413378,"X":0.026435976848,"Z":0.000199903355679},"AttitudeYaw":3.01037605334,"DotNum":1},{"GravityX":{"Y":-0.99587225914,"X":-0.0116553045809,"Z":0.0900141298771},"UserAcceleration":{"Y":-0.00287649291568,"X":0.00875613465905,"Z":0.000943513703533},"AttitudeRotationMatrix":[0.999932050705,0.000254445709288,0.0116553045809,-0.0115850763395,-0.0900231674314,0.99587225914,0.00130264274776,-0.995939612389,-0.0900141000748],"AttitudePitch":1.47990566193,"Time":0.30874,"AttitudeQuaternion":{"X":0.738235965586,"W":0.674517368379,"Y":-0.00383706280861,"Z":0.00438814541734},"AttitudeRoll":-3.0128260338,"RotationRate":{"Y":-0.00490062078461,"X":0.0149893155321,"Z":0.00432525901124},"AttitudeYaw":3.0136061878,"DotNum":1},{"GravityX":{"Y":-0.995874226093,"X":-0.0116332136095,"Z":0.0899954140186},"UserAcceleration":{"Y":-0.0112668769434,"X":0.0147917829454,"Z":-0.0107107441872},"AttitudeRotationMatrix":[0.99993211031,-0.000666863750666,0.0116332136095,-0.0116460211575,-0.0899938121438,0.995874285698,0.000382804311812,-0.995942115784,-0.0899954661727],"AttitudePitch":1.47992714583,"Time":0.327263,"AttitudeQuaternion":{"X":0.738227823487,"W":0.674526304442,"Y":-0.00416974453477,"Z":0.00406921063768},"AttitudeRoll":-3.01304097441,"RotationRate":{"Y":-0.0706931948662,"X":0.0113415624946,"Z":0.0349515900016},"AttitudeYaw":3.01289865114,"DotNum":1},{"GravityX":{"Y":-0.995898902416,"X":-0.0114524103701,"Z":0.0897451639175},"UserAcceleration":{"Y":-0.0131342886016,"X":0.0107657648623,"Z":0.00194490118884},"AttitudeRotationMatrix":[0.999932765961,-0.00181409483776,0.0114524103701,-0.0115690007806,-0.0897301733494,0.995898902416,-0.000779028050601,-0.995964467525,-0.0897451266646],"AttitudePitch":1.48019951009,"Time":0.330458,"AttitudeQuaternion":{"X":0.738140932157,"W":0.674621635424,"Y":-0.00453270320441,"Z":0.00361495419355},"AttitudeRoll":-3.01466830983,"RotationRate":{"Y":-0.0620386712253,"X":-0.00271497503854,"Z":0.0335164368153},"AttitudeYaw":3.0133690839,"DotNum":1},{"GravityX":{"Y":-0.995849609375,"X":-0.0118771409616,"Z":0.0902355536819},"UserAcceleration":{"Y":0.00515748746693,"X":-0.00394622329623,"Z":0.0124560957775},"AttitudeRotationMatrix":[0.999925911427,-0.00267570326105,0.0118771418929,-0.0120701156557,-0.0902098938823,0.995849609375,-0.00159316183999,-0.995919108391,-0.0902355015278],"AttitudePitch":1.47965634833,"Time":0.351771,"AttitudeQuaternion":{"X":0.73830403357,"W":0.674440580165,"Y":-0.00499313922591,"Z":0.00348229827326},"AttitudeRoll":-3.01072122804,"RotationRate":{"Y":-0.0421224869788,"X":-0.00406708056107,"Z":0.0257644262165},"AttitudeYaw":3.00858235543,"DotNum":1},{"GravityX":{"Y":-0.995834827423,"X":-0.0123562281951,"Z":0.0903342589736},"UserAcceleration":{"Y":0.00293018529192,"X":-0.00845676008612,"Z":0.0103890066966},"AttitudeRotationMatrix":[0.999919116497,-0.00301507720724,0.0123562291265,-0.0125780533999,-0.0903036370873,0.995834887028,-0.00188670633361,-0.995909750462,-0.0903342589736],"AttitudePitch":1.4794941217,"Time":0.364619,"AttitudeQuaternion":{"X":0.73833546131,"W":0.674403664854,"Y":-0.00527982547062,"Z":0.00354497476382},"AttitudeRoll":-3.00565284876,"RotationRate":{"Y":-0.014804225415,"X":-0.00794423185289,"Z":0.0191575717181},"AttitudeYaw":3.00319684,"DotNum":1},{"GravityX":{"Y":-0.995828568935,"X":-0.0128309400752,"Z":0.090337023139},"UserAcceleration":{"Y":-0.0129452096298,"X":0.00346204335801,"Z":-0.00343821872957},"AttitudeRotationMatrix":[0.999910473824,-0.003798534628,0.0128309391439,-0.013121580705,-0.090295240283,0.99582862854,-0.00262411637232,-0.995907783508,-0.0903370007873],"AttitudePitch":1.47942555503,"Time":0.387751,"AttitudeQuaternion":{"X":0.738333046755,"W":0.674403102451,"Y":-0.00572916114424,"Z":0.0034560363571},"AttitudeRoll":-3.00050225066,"RotationRate":{"Y":-0.0669494941831,"X":-0.00527065806091,"Z":0.0372557900846},"AttitudeYaw":2.99728420768,"DotNum":1},{"GravityX":{"Y":-0.995856642723,"X":-0.0129072712734,"Z":0.0900164246559},"UserAcceleration":{"Y":0.0021890364587